103 22
104 22
105 22
106 22
108 23
109 22
110 22
111 22
113 23
114 23
115 23
116 23
118 24
119 24
120 24
121 24
123 25
124 25
125 25
127 26
128 26
129 26
130 26
132 27
133 27
134 27
135 27
137 28
138 28
139 28
140 28
142 29
143 29
144 29
145 29
147 30
148 30
149 30
150 30
152 31
153 31
154 31
155 31
157 32
158 32
159 32
161 33
162 32
163 32
164 32
166 33
167 33
168 33
169 33
171 34
172 34
173 34
174 34
176 35
177 35
178 35
179 35
181 36
182 36
183 36
184 36
186 37
187 37
188 37
189 37
191 38
192 38
193 38
195 39
196 39
197 39
198 39
200 40
201 40
202 40
203 40
205 41
206 41
207 41
208 41
210 42
211 42
212 42
213 42
215 42
216 42
217 42
218 42
220 43
221 43
222 43
223 43
225 44
226 44
227 44
228 44
230 45
231 45
232 45
234 46
235 46
236 46
237 46
239 47
240 47
241 47
242 47
244 48
245 48
246 48
247 48
249 49
250 49
251 49
252 49
254 50
255 50
256 50
257 50
259 51
260 51
261 51
262 51
264 52
265 52
266 52
267 51
269 52
270 52
271 52
273 53
274 53
275 53
276 53
278 54
279 54
280 54
281 54
283 55
284 55
285 55
286 55
288 56
289 56
290 56
291 56
293 57
294 57
295 57
296 57
298 58
299 58
300 58
301 58
303 59
304 59
305 59
306 59
308 60
309 60
310 60
312 61
313 61
314 61
315 61
317 62
318 62
319 62
320 61
322 62
323 62
324 62
325 62
327 63
328 63
329 63
330 63
332 64
333 64
334 64
335 64
337 65
338 65
339 65
340 65
342 66
343 66
344 66
345 66
347 67
348 67
349 67
350 67
352 68
353 68
354 68
355 68
357 69
358 69
359 69
361 70
362 70
363 70
364 70
366 71
367 71
368 71
369 71
371 72
372 72
373 71
374 71
376 72
377 72
378 72
379 72
381 73
382 73
383 73
384 73
386 74
387 74
388 74
389 74
391 75
392 75
393 75
394 75
396 76
397 76
398 76
399 76
401 77
402 77
403 77
404 77
406 78
407 78
408 78
410 79
411 79
412 79
413 79
415 80
416 80
417 80
418 80
420 81
421 81
422 81
423 81
425 82
426 81
427 81
428 81
430 82
431 82
432 82
433 82
435 83
436 83
437 83
438 83
440 84
441 84
442 84
443 84
445 85
446 85
447 85
448 85
450 86
451 86
452 86
453 86
455 87
456 87
457 87
458 87
460 88
461 88
462 88
463 88
465 89
466 89
467 89
469 90
470 90
471 90
472 90
474 91
475 91
476 91
477 91
479 91
480 91
481 91
482 91
484 92
485 92
486 92
487 92
489 93
490 93
491 93
492 93
494 94
495 94
496 94
497 94
499 95
500 95
501 95
502 95
504 96
505 96
506 96
507 96
509 97
510 97
511 97
512 97
514 98
515 98
516 98
517 98
519 99
520 99
521 99
522 99
524 100
525 100
526 100
527 100
529 101
530 101
531 101
532 100
534 101
535 101
536 101
537 101
539 102
540 102
541 102
543 103
544 103
545 103
546 103
548 104
549 104
550 104
551 104
553 105
554 105
555 105
556 105
558 106
559 106
560 106
561 106
563 107
564 107
565 107
566 107
568 108
569 108
570 108
571 108
573 109
574 109
575 109
576 109
578 110
579 110
580 110
581 110
583 111
584 111
585 110
586 110
588 111
589 111
590 111
591 111
593 112
594 112
595 112
596 112
598 113
599 113
600 113
601 113
603 114
604 114
605 114
606 114
608 115
609 115
610 115
611 115
613 116
614 116
615 116
616 116
618 117
619 117
620 117
621 117
623 118
624 118
625 118
626 118
628 119
629 119
630 119
631 119
633 120
634 120
635 120
636 120
638 120
639 120
640 120
641 120
643 121
644 121
645 121
646 121
648 122
649 122
650 122
651 122
653 123
654 123
655 123
656 123
658 124
659 124
660 124
661 124
663 125
664 125
665 125
666 125
668 126
669 126
670 126
671 126
673 127
674 127
675 127
676 127
678 128
679 128
680 128
681 128
683 129
684 129
685 129
686 129
688 130
689 130
690 129
691 129
693 130
694 130
695 130
696 130
698 131
699 131
700 131
701 131
703 132
704 132
705 132
706 132
708 133
709 133
710 133
711 133
713 134
714 134
715 134
716 134
718 135
719 135
720 135
721 135
723 136
724 136
725 136
726 136
728 137
729 137
730 137
731 137
733 138
734 138
735 138
736 138
738 139
739 139
740 139
741 139
743 139
744 139
745 139
746 139
748 140
749 140
750 140
751 140
753 141
754 141
755 141
756 141
758 142
759 142
760 142
761 142
763 143
764 143
765 143
766 143
768 144
769 144
770 144
771 144
773 145
774 145
775 145
776 145
778 146
779 146
780 146
781 146
782 146
784 147
785 147
786 147
787 147
789 148
790 148
791 148
792 148
794 149
795 148
796 148
797 148
799 149
800 149
801 149
802 149
804 150
805 150
806 150
807 150
809 151
810 151
811 151
812 151
814 152
815 152
816 152
817 152
819 153
820 153
821 153
822 153
824 154
825 154
826 154
827 154
829 155
830 155
831 155
832 155
834 156
835 156
836 156
837 156
839 157
840 157
841 157
842 157
844 158
845 158
846 158
847 157
848 157
850 158
851 158
852 158
853 158
855 159
856 159
857 159
858 159
860 160
861 160
862 160
863 160
865 161
866 161
867 161
868 161
870 162
871 162
872 162
873 162
875 163
876 163
877 163
878 163
880 164
881 164
882 164
883 164
885 165
886 165
887 165
888 165
890 166
891 166
892 166
893 166
894 166
896 167
897 167
898 167
899 166
901 167
902 167
903 167
904 167
906 168
907 168
908 168
909 168
911 169
912 169
913 169
914 169
916 170
917 170
918 170
919 170
921 171
922 171
923 171
924 171
926 172
927 172
928 172
929 172
931 173
932 173
933 173
934 173
935 173
937 174
938 174
939 174
940 174
942 175
943 175
944 175
945 175
947 176
948 176
949 176
950 176
952 176
953 176
954 176
955 176
957 177
958 177
959 177
960 177
962 178
963 178
964 178
965 178
966 178
968 179
969 179
970 179
971 179
973 180
974 180
975 180
976 180
978 181
979 181
980 181
981 181
983 182
984 182
985 182
986 182
988 183
989 183
990 183
991 183
992 183
994 184
995 184
996 184
997 184
999 185
1000 185
1001 185
1002 185
1004 186
1005 185
1006 185
1007 185
1009 186
1010 186
1011 186
1012 186
1014 187
1015 187
1016 187
1017 187
1018 187
1020 188
1021 188
1022 188
1023 188
1025 189
1026 189
1027 189
1028 189
1030 190
1031 190
1032 190
1033 190
1035 191
1036 191
1037 191
1038 191
1040 192
1041 192
1042 192
1043 192
1044 192
1046 193
1047 193
1048 193
1049 193
1051 194
1052 194
1053 194
1054 194
1056 195
1057 194
1058 194
1059 194
1061 195
1062 195
1063 195
1064 195
1065 195
1067 196
1068 196
1069 196
1070 196
1072 197
1073 197
1074 197
1075 197
1077 198
1078 198
1079 198
1080 198
1082 199
1083 199
1084 199
1085 199
1086 199
1088 200
1089 200
1090 200
1091 200
1093 201
1094 201
1095 201
1096 201
1098 202
1099 202
1100 202
1101 202
1103 203
1104 203
1105 203
1106 203
1107 203
1109 203
1110 203
1111 203
1112 203
1114 204
1115 204
1116 204
1117 204
1119 205
1120 205
1121 205
1122 205
1123 205
1125 206
1126 206
1127 206
1128 206
1130 207
1131 207
1132 207
1133 207
1135 208
1136 208
1137 208
1138 208
1140 209
1141 209
1142 209
1143 209
1144 209
1146 210
1147 210
1148 210
1149 210
1151 211
1152 211
1153 211
1154 211
1156 212
1157 212
1158 212
1159 212
1160 211
1162 212
1163 212
1164 212
1165 212
1167 213
1168 213
1169 213
1170 213
1172 214
1173 214
1174 214
1175 214
1176 214
1178 215
1179 215
1180 215
1181 215
1183 216
1184 216
1185 216
1186 216
1188 217
1189 217
1190 217
1191 217
1192 217
1194 218
1195 218
1196 218
1197 218
1199 219
1200 219
1201 219
1202 219
1203 219
1205 220
1206 220
1207 220
1208 220
1210 221
1211 221
1212 220
1213 220
1215 221
1216 221
1217 221
1218 221
1219 221
1221 222
1222 222
1223 222
1224 222
1226 223
1227 223
1228 223
1229 223
1231 224
1232 224
1233 224
1234 224
1235 224
1237 225
1238 225
1239 225
1240 225
1242 226
1243 226
1244 226
1245 226
1246 226
1248 227
1249 227
1250 227
1251 227
1253 228
1254 228
1255 228
1256 228
1257 228
1259 229
1260 229
1261 229
1262 229
1264 229
1265 229
1266 229
1267 229
1269 230
1270 230
1271 230
1272 230
1273 230
1275 231
1276 231
1277 231
1278 231
1280 232
1281 232
1282 232
1283 232
1284 232
1286 233
1287 233
1288 233
1289 233
1291 234
1292 234
1293 234
1294 234
1295 234
1297 235
1298 235
1299 235
1300 235
1302 236
1303 236
1304 236
1305 236
1306 236
1308 237
1309 237
1310 237
1311 237
1313 238
1314 238
1315 237
1316 237
1317 237
1319 238
1320 238
1321 238
1322 238
1324 239
1325 239
1326 239
1327 239
1328 239
1330 240
1331 240
1332 240
1333 240
1335 241
1336 241
1337 241
1338 241
1339 241
1341 242
1342 242
1343 242
1344 242
1346 243
1347 243
1348 243
1349 243
1350 243
1352 244
1353 244
1354 244
1355 244
1357 245
1358 245
1359 245
1360 245
1361 245
1363 246
1364 246
1365 246
1366 245
1368 246
1369 246
1370 246
1371 246
1372 246
1374 247
1375 247
1376 247
1377 247
1379 248
1380 248
1381 248
1382 248
1383 248
1385 249
1386 249
1387 249
1388 249
1390 250
1391 250
1392 250
1393 250
1394 250
1396 251
1397 251
1398 251
1399 251
1400 251
1402 252
1403 252
1404 252
1405 252
1407 253
1408 253
1409 253
1410 253
1411 253
1413 254
1414 254
1415 254
1416 254
1418 254
1419 254
1420 254
1421 254
1422 254
1424 255
1425 255
1426 255
1427 255
1428 255
1430 256
1431 256
1432 256
1433 256
1435 257
1436 257
1437 257
1438 257
1439 257
1441 258
1442 258
1443 258
1444 258
1445 258
1447 259
1448 259
1449 259
1450 259
1452 260
1453 260
1454 260
1455 260
1456 260
1458 261
1459 261
1460 261
1461 261
1463 262
1464 262
1465 262
1466 262
1467 262
1469 262
1470 262
1471 262
1472 262
1473 262
1475 263
1476 263
1477 263
1478 263
1480 264
1481 264
1482 264
1483 264
1484 264
1486 265
1487 265
1488 265
1489 265
1490 265
1492 266
1493 266
1494 266
1495 266
1496 266
1498 267
1499 267
1500 267
1501 267
1503 268
1504 268
1505 268
1506 268
1507 268
1509 269
1510 269
1511 269
1512 269
1513 269
1515 270
1516 270
1517 270
1518 270
1520 271
1521 270
1522 270
1523 270
1524 270
1526 271
1527 271
1528 271
1529 271
1530 271
1532 272
1533 272
1534 272
1535 272
1536 272
1538 273
1539 273
1540 273
1541 273
1542 273
1544 274
1545 274
1546 274
1547 274
1549 275
1550 275
1551 275
1552 275
1553 275
1555 276
1556 276
1557 276
1558 276
1559 276
1561 277
1562 277
1563 277
1564 277
1565 277
1567 278
1568 278
1569 278
1570 278
1571 277
1573 278
1574 278
1575 278
1576 278
1578 279
1579 279
1580 279
1581 279
1582 279
1584 280
1585 280
1586 280
1587 280
1588 280
1590 281
1591 281
1592 281
1593 281
1594 281
1596 282
1597 282
1598 282
1599 282
1600 282
1602 283
1603 283
1604 283
1605 283
1606 283
1608 284
1609 284
1610 284
1611 284
1613 285
1614 285
1615 285
1616 285
1617 285
1619 286
1620 286
1621 286
1622 285
1623 285
1625 286
1626 286
1627 286
1628 286
1629 286
1631 287
1632 287
1633 287
1634 287
1635 287
1637 288
1638 288
1639 288
1640 288
1641 288
1643 289
1644 289
1645 289
1646 289
1647 289
1649 290
1650 290
1651 290
1652 290
1653 290
1655 291
1656 291
1657 291
1658 291
1659 291
1661 292
1662 292
1663 292
1664 292
1665 292
1667 293
1668 293
1669 293
1670 293
1671 293
1673 293
1674 293
1675 293
1676 293
1677 293
1679 294
1680 294
1681 294
1682 294
1683 294
1685 295
1686 295
1687 295
1688 295
1689 295
1691 296
1692 296
1693 296
1694 296
1695 296
1697 297
1698 297
1699 297
1700 297
1701 297
1703 298
1704 298
1705 298
1706 298
1707 298
1709 299
1710 299
1711 299
1712 299
1713 299
1715 300
1716 300
1717 300
1718 300
1719 300
1721 301
1722 301
1723 300
1724 300
1725 300
1727 301
1728 301
1729 301
1730 301
1731 301
1733 302
1734 302
1735 302
1736 302
1737 302
1739 303
1740 303
1741 303
1742 303
1743 303
1745 304
1746 304
1747 304
1748 304
1749 304
1751 305
1752 305
1753 305
1754 305
1755 305
1756 305
1758 306
1759 306
1760 306
1761 306
1762 306
1764 307
1765 307
1766 307
1767 307
1768 307
1770 308
1771 308
1772 308
1773 307
1774 307
1776 308
1777 308
1778 308
1779 308
1780 308
1782 309
1783 309
1784 309
1785 309
1786 309
1788 310
1789 310
1790 310
1791 310
1792 310
1793 310
1795 311
1796 311
1797 311
1798 311
1799 311
1801 312
1802 312
1803 312
1804 312
1805 312
1807 313
1808 313
1809 313
1810 313
1811 313
1813 314
1814 314
1815 314
1816 314
1817 314
1819 315
1820 315
1821 315
1822 315
1823 314
1824 314
1826 315
1827 315
1828 315
1829 315
1830 315
1832 316
1833 316
1834 316
1835 316
1836 316
1838 317
1839 317
1840 317
1841 317
1842 317
1843 317
1845 318
1846 318
1847 318
1848 318
1849 318
1851 319
1852 319
1853 319
1854 319
1855 319
1857 320
1858 320
1859 320
1860 320
1861 320
1862 320
1864 321
1865 321
1866 321
1867 321
1868 321
1870 322
1871 322
1872 322
1873 321
1874 321
1876 322
1877 322
1878 322
1879 322
1880 322
1881 322
1883 323
1884 323
1885 323
1886 323
1887 323
1889 324
1890 324
1891 324
1892 324
1893 324
1895 325
1896 325
1897 325
1898 325
1899 325
1900 325
1902 326
1903 326
1904 326
1905 326
1906 326
1908 327
1909 327
1910 327
1911 327
1912 327
1913 327
1915 328
1916 328
1917 328
1918 328
1919 328
1921 329
1922 329
1923 328
1924 328
1925 328
1926 328
1928 329
1929 329
1930 329
1931 329
1932 329
1934 330
1935 330
1936 330
1937 330
1938 330
1939 330
1941 331
1942 331
1943 331
1944 331
1945 331
1947 332
1948 332
1949 332
1950 332
1951 332
1952 332
1954 333
1955 333
1956 333
1957 333
1958 333
1960 334
1961 334
1962 334
1963 334
1964 334
1965 334
1967 335
1968 335
1969 335
1970 335
1971 335
1972 335
1974 335
1975 335
1976 335
1977 335
1978 335
1980 336
1981 336
1982 336
1983 336
1984 336
1985 336
1987 337
1988 337
1989 337
1990 337
1991 337
1992 337
1994 338
1995 338
1996 338
1997 338
1998 338
2000 339
2001 339
2002 339
2003 339
2004 339
2005 339
2007 340
2008 340
2009 340
2010 340
2011 340
2012 340
2014 341
2015 341
2016 341
2017 341
2018 341
2020 342
2021 342
2022 342
2023 341
2024 341
2025 341
2027 342
2028 342
2029 342
2030 342
2031 342
2032 342
2034 343
2035 343
2036 343
2037 343
2038 343
2039 343
2041 344
2042 344
2043 344
2044 344
2045 344
2047 345
2048 345
2049 345
2050 345
2051 345
2052 345
2054 346
2055 346
2056 346
2057 346
2058 346
2059 346
2061 347
2062 347
2063 347
2064 347
2065 347
2066 347
2068 348
2069 348
2070 348
2071 348
2072 347
2073 347
2075 348
2076 348
2077 348
2078 348
2079 348
2080 348
2082 349
2083 349
2084 349
2085 349
2086 349
2087 349
2089 350
2090 350
2091 350
2092 350
2093 350
2095 351
2096 351
2097 351
2098 351
2099 351
2100 351
2102 352
2103 352
2104 352
2105 352
2106 352
2107 352
2109 353
2110 353
2111 353
2112 353
2113 353
2114 353
2116 354
2117 354
2118 354
2119 354
2120 354
2121 353
2123 354
2124 354
2125 354
2126 354
2127 354
2128 354
2130 355
2131 355
2132 355
2133 355
2134 355
2135 355
2137 356
2138 356
2139 356
2140 356
2141 356
2142 356
2143 356
2145 357
2146 357
2147 357
2148 357
2149 357
2150 357
2152 358
2153 358
2154 358
2155 358
2156 358
2157 358
2159 359
2160 359
2161 359
2162 359
2163 359
2164 359
2166 360
2167 360
2168 360
2169 360
2170 359
2171 359
2173 360
2174 360
2175 360
2176 360
2177 360
2178 360
2180 361
2181 361
2182 361
2183 361
2184 361
2185 361
2186 361
2188 362
2189 362
2190 362
2191 362
2192 362
2193 362
2195 363
2196 363
2197 363
2198 363
2199 363
2200 363
2202 364
2203 364
2204 364
2205 364
2206 364
2207 364
2209 365
2210 365
2211 365
2212 365
2213 365
2214 365
2215 365
2217 366
2218 366
2219 365
2220 365
2221 365
2222 365
2224 366
2225 366
2226 366
2227 366
2228 366
2229 366
2231 367
2232 367
2233 367
2234 367
2235 367
2236 367
2237 367
2239 368
2240 368
2241 368
2242 368
2243 368
2244 368
2246 369
2247 369
2248 369
2249 369
2250 369
2251 369
2252 369
2254 370
2255 370
2256 370
2257 370
2258 370
2259 370
2261 371
2262 371
2263 371
2264 371
2265 371
2266 371
2267 370
2269 371
2270 371
2271 371
2272 371
2273 371
2274 371
2276 372
2277 372
2278 372
2279 372
2280 372
2281 372
2282 372
2284 373
2285 373
2286 373
2287 373
2288 373
2289 373
2291 374
2292 374
2293 374
2294 374
2295 374
2296 374
2297 374
2299 375
2300 375
2301 375
2302 375
2303 375
2304 375
2305 375
2307 376
2308 376
2309 376
2310 376
2311 376
2312 376
2314 377
2315 377
2316 376
2317 376
2318 376
2319 376
2320 376
2322 377
2323 377
2324 377
2325 377
2326 377
2327 377
2328 377
2330 378
2331 378
2332 378
2333 378
2334 378
2335 378
2336 378
2338 379
2339 379
2340 379
2341 379
2342 379
2343 379
2344 379
2346 380
2347 380
2348 380
2349 380
2350 380
2351 380
2353 381
2354 381
2355 381
2356 381
2357 381
2358 381
2359 381
2361 382
2362 382
2363 382
2364 381
2365 381
2366 381
2367 381
2369 382
2370 382
2371 382
2372 382
2373 382
2374 382
2375 382
2377 383
2378 383
2379 383
2380 383
2381 383
2382 383
2383 383
2385 384
2386 384
2387 384
2388 384
2389 384
2390 384
2391 384
2393 385
2394 385
2395 385
2396 385
2397 385
2398 385
2399 385
2401 386
2402 386
2403 386
2404 386
2405 386
2406 386
2407 386
2408 386
2410 387
2411 387
2412 386
2413 386
2414 386
2415 386
2416 386
2418 387
2419 387
2420 387
2421 387
2422 387
2423 387
2424 387
2426 388
2427 388
2428 388
2429 388
2430 388
2431 388
2432 388
2434 389
2435 389
2436 389
2437 389
2438 389
2439 389
2440 389
2442 390
2443 390
2444 390
2445 390
2446 390
2447 390
2448 390
2449 390
2451 391
2452 391
2453 391
2454 391
2455 391
2456 391
2457 391
2459 392
2460 392
2461 391
2462 391
2463 391
2464 391
2465 391
2467 392
2468 392
2469 392
2470 392
2471 392
2472 392
2473 392
2474 392
2476 393
2477 393
2478 393
2479 393
2480 393
2481 393
2482 393
2484 394
2485 394
2486 394
2487 394
2488 394
2489 394
2490 394
2491 394
2493 395
2494 395
2495 395
2496 395
2497 395
2498 395
2499 395
2500 395
2502 396
2503 396
2504 396
2505 396
2506 396
2507 396
2508 395
2510 396
2511 396
2512 396
2513 396
2514 396
2515 396
2516 396
2517 396
2519 397
2520 397
2521 397
2522 397
2523 397
2524 397
2525 397
2526 397
2528 398
2529 398
2530 398
2531 398
2532 398
2533 398
2534 398
2535 398
2537 399
2538 399
2539 399
2540 399
2541 399
2542 399
2543 399
2545 400
2546 400
2547 400
2548 400
2549 400
2550 400
2551 400
2552 400
2554 401
2555 401
2556 400
2557 400
2558 400
2559 400
2560 400
2561 400
2563 401
2564 401
2565 401
2566 401
2567 401
2568 401
2569 401
2570 401
2572 402
2573 402
2574 402
2575 402
2576 402
2577 402
2578 402
2579 402
2581 403
2582 403
2583 403
2584 403
2585 403
2586 403
2587 403
2588 403
2589 403
2591 404
2592 404
2593 404
2594 404
2595 404
2596 404
2597 404
2598 404
2600 405
2601 405
2602 405
2603 404
2604 404
2605 404
2606 404
2607 404
2609 405
2610 405
2611 405
2612 405
2613 405
2614 405
2615 405
2616 405
2618 406
2619 406
2620 406
2621 406
2622 406
2623 406
2624 406
2625 406
2626 406
2628 407
2629 407
2630 407
2631 407
2632 407
2633 407
2634 407
2635 407
2637 408
2638 408
2639 408
2640 408
2641 408
2642 408
2643 408
2644 408
2645 408
2647 409
2648 409
2649 409
2650 408
2651 408
2652 408
2653 408
2654 408
2656 409
2657 409
2658 409
2659 409
2660 409
2661 409
2662 409
2663 409
2664 409
2666 410
2667 410
2668 410
2669 410
2670 410
2671 410
2672 410
2673 410
2674 410
2676 411
2677 411
2678 411
2679 411
2680 411
2681 411
2682 411
2683 411
2684 411
2686 412
2687 412
2688 412
2689 412
2690 412
2691 412
2692 412
2693 412
2694 412
2696 413
2697 412
2698 412
2699 412
2700 412
2701 412
2702 412
2703 412
2704 412
2706 413
2707 413
2708 413
2709 413
2710 413
2711 413
2712 413
2713 413
2714 413
2716 414
2717 414
2718 414
2719 414
2720 414
2721 414
2722 414
2723 414
2724 414
2726 415
2727 415
2728 415
2729 415
2730 415
2731 415
2732 415
2733 415
2734 415
2736 416
2737 416
2738 416
2739 416
2740 416
2741 416
2742 416
2743 415
2744 415
2746 416
2747 416
2748 416
2749 416
2750 416
2751 416
2752 416
2753 416
2754 416
2755 416
2757 417
2758 417
2759 417
2760 417
2761 417
2762 417
2763 417
2764 417
2765 417
2766 417
2768 418
2769 418
2770 418
2771 418
2772 418
2773 418
2774 418
2775 418
2776 418
2778 419
2779 419
2780 419
2781 419
2782 419
2783 419
2784 419
2785 419
2786 419
2787 419
2789 420
2790 419
2791 419
2792 419
2793 419
2794 419
2795 419
2796 419
2797 419
2798 419
2800 420
2801 420
2802 420
2803 420
2804 420
2805 420
2806 420
2807 420
2808 420
2809 420
2811 421
2812 421
2813 421
2814 421
2815 421
2816 421
2817 421
2818 421
2819 421
2820 421
2822 422
2823 422
2824 422
2825 422
2826 422
2827 422
2828 422
2829 422
2830 422
2831 422
2833 423
2834 423
2835 423
2836 422
2837 422
2838 422
2839 422
2840 422
2841 422
2842 422
2843 422
2845 423
2846 423
2847 423
2848 423
2849 423
2850 423
2851 423
2852 423
2853 423
2854 423
2856 424
2857 424
2858 424
2859 424
2860 424
2861 424
2862 424
2863 424
2864 424
2865 424
2866 424
2868 425
2869 425
2870 425
2871 425
2872 425
2873 425
2874 425
2875 425
2876 425
2877 425
2878 425
2880 426
2881 426
2882 425
2883 425
2884 425
2885 425
2886 425
2887 425
2888 425
2889 425
2891 426
2892 426
2893 426
2894 426
2895 426
2896 426
2897 426
2898 426
2899 426
2900 426
2901 426
2902 426
2904 427
2905 427
2906 427
2907 427
2908 427
2909 427
2910 427
2911 427
2912 427
2913 427
2914 427
2916 428
2917 428
2918 428
2919 428
2920 428
2921 428
2922 428
2923 428
2924 428
2925 428
2926 428
2928 429
2929 428
2930 428
2931 428
2932 428
2933 428
2934 428
2935 428
2936 428
2937 428
2938 428
2939 428
2941 429
2942 429
2943 429
2944 429
2945 429
2946 429
2947 429
2948 429
2949 429
2950 429
2951 429
2952 429
2954 430
2955 430
2956 430
2957 430
2958 430
2959 430
2960 430
2961 430
2962 430
2963 430
2964 430
2965 430
2967 431
2968 431
2969 431
2970 431
2971 431
2972 431
2973 431
2974 430
2975 430
2976 430
2977 430
2978 430
2980 431
2981 431
2982 431
2983 431
2984 431
2985 431
2986 431
2987 431
2988 431
2989 431
2990 431
2991 431
2993 432
2994 432
2995 432
2996 432
2997 432
2998 432
2999 432
3000 432
3001 432
3002 432
3003 432
3004 432
3005 432
3007 433
3008 433
3009 433
3010 433
3011 433
3012 433
3013 433
3014 433
3015 433
3016 433
3017 433
3018 433
3019 432
3021 433
3022 433
3023 433
3024 433
3025 433
3026 433
3027 433
3028 433
3029 433
3030 433
3031 433
3032 433
3033 433
3035 434
3036 434
3037 434
3038 434
3039 434
3040 434
3041 434
3042 434
3043 434
3044 434
3045 434
3046 434
3047 434
3048 434
3050 435
3051 435
3052 435
3053 435
3054 435
3055 435
3056 435
3057 435
3058 435
3059 435
3060 435
3061 435
3062 435
3063 435
3065 435
3066 435
3067 435
3068 435
3069 435
3070 435
3071 435
3072 435
3073 435
3074 435
3075 435
3076 435
3077 435
3078 435
3080 436
3081 436
3082 436
3083 436
3084 436
3085 436
3086 436
3087 436
3088 436
3089 436
3090 436
3091 436
3092 436
3093 436
3095 437
3096 437
3097 437
3098 437
3099 437
3100 437
3101 437
3102 437
3103 437
3104 437
3105 437
3106 437
3107 437
3108 437
3109 436
3111 437
3112 437
3113 437
3114 437
3115 437
3116 437
3117 437
3118 437
3119 437
3120 437
3121 437
3122 437
3123 437
3124 437
3125 437
3127 438
3128 438
3129 438
3130 438
3131 438
3132 438
3133 438
3134 438
3135 438
3136 438
3137 438
3138 438
3139 438
3140 438
3141 438
3142 438
3144 439
3145 439
3146 439
3147 439
3148 439
3149 439
3150 439
3151 439
3152 439
3153 439
3154 438
3155 438
3156 438
3157 438
3158 438
3159 438
3161 439
3162 439
3163 439
3164 439
3165 439
3166 439
3167 439
3168 439
3169 439
3170 439
3171 439
3172 439
3173 439
3174 439
3175 439
3176 439
3177 439
3179 440
3180 440
3181 440
3182 440
3183 440
3184 440
3185 440
3186 440
3187 440
3188 440
3189 440
3190 440
3191 440
3192 440
3193 440
3194 440
3195 440
3196 440
3198 441
3199 440
3200 440
3201 440
3202 440
3203 440
3204 440
3205 440
3206 440
3207 440
3208 440
3209 440
3210 440
3211 440
3212 440
3213 440
3214 440
3215 440
3217 441
3218 441
3219 441
3220 441
3221 441
3222 441
3223 441
3224 441
3225 441
3226 441
3227 441
3228 441
3229 441
3230 441
3231 441
3232 441
3233 441
3234 441
3235 441
3237 442
3238 442
3239 442
3240 442
3241 442
3242 442
3243 441
3244 441
3245 441
3246 441
3247 441
3248 441
3249 441
3250 441
3251 441
3252 441
3253 441
3254 441
3255 441
3257 442
3258 442
3259 442
3260 442
3261 442
3262 442
3263 442
3264 442
3265 442
3266 442
3267 442
3268 442
3269 442
3270 442
3271 442
3272 442
3273 442
3274 442
3275 442
3276 442
3277 442
3279 443
3280 443
3281 443
3282 443
3283 443
3284 443
3285 443
3286 443
3287 442
3288 442
3289 442
3290 442
3291 442
3292 442
3293 442
3294 442
3295 442
3296 442
3297 442
3298 442
3299 442
3300 442
3302 443
3303 443
3304 443
3305 443
3306 443
3307 443
3308 443
3309 443
3310 443
3311 443
3312 443
3313 443
3314 443
3315 443
3316 443
3317 443
3318 443
3319 443
3320 443
3321 443
3322 443
3323 443
3324 443
3326 444
3327 444
3328 444
3329 444
3330 444
3331 444
3332 443
3333 443
3334 443
3335 443
3336 443
3337 443
3338 443
3339 443
3340 443
3341 443
3342 443
3343 443
3344 443
3345 443
3346 443
3347 443
3348 443
3349 443
3350 443
3351 443
3353 444
3354 444
3355 444
3356 444
3357 444
3358 444
3359 444
3360 444
3361 444
3362 444
3363 444
3364 444
3365 444
3366 444
3367 444
3368 444
3369 444
3370 444
3371 444
3372 444
3373 444
3374 444
3375 443
3376 443
3377 443
3378 443
3379 443
3381 444
3382 444
3383 444
3384 444
3385 444
3386 444
3387 444
3388 444
3389 444
3390 444
3391 444
3392 444
3393 444
3394 444
3395 444
3396 444
3397 444
3398 444
3399 444
3400 444
3401 444
3402 444
3403 444
3404 444
3405 444
3406 444
3407 444
3408 444
3409 444
3410 444
3412 445
3413 445
3414 445
3415 445
3416 445
3417 445
3418 445
3419 444
3420 444
3421 444
3422 444
3423 444
3424 444
3425 444
3426 444
3427 444
3428 444
3429 444
3430 444
3431 444
3432 444
3433 444
3434 444
3435 444
3436 444
3437 444
3438 444
3439 444
3440 444
3441 444
3442 444
3443 444
3444 444
3445 444
3447 445
3448 445
3449 445
3450 445
3451 445
3452 445
3453 445
3454 445
3455 445
3456 445
3457 445
3458 445
3459 445
3460 445
3461 445
3462 444
3463 444
3464 444
3465 444
3466 444
3467 444
3468 444
3469 444
3470 444
3471 444
3472 444
3473 444
3474 444
3475 444
3476 444
3477 444
3478 444
3479 444
3480 444
3481 444
3482 444
3483 444
3484 444
3485 444
3486 444
3487 444
3489 445
3490 445
3491 445
3492 445
3493 445
3494 445
3495 445
3496 445
3497 445
3498 445
3499 445
3500 445
3501 445
3502 445
3503 445
3504 445
3505 444
3506 444
3507 444
3508 444
3509 444
3510 444
3511 444
3512 444
3513 444
3514 444
3515 444
3516 444
3517 444
3518 444
3519 444
3520 444
3521 444
3522 444
3523 444
3524 444
3525 444
3526 444
3527 444
3528 444
3529 444
3530 444
3531 444
3532 444
3533 444
3534 444
3535 444
3536 444
3537 444
3538 444
3539 444
3540 444
3541 444
3543 445
3544 445
3545 445
3546 445
3547 445
3548 444
3549 444
3550 444
3551 444
3552 444
3553 444
3554 444
3555 444
3556 444
3557 444
3558 444
3559 444
3560 444
3561 444
3562 444
3563 444
3564 444
3565 444
3566 444
3567 444
3568 444
3569 444
3570 444
3571 444
3572 444
3573 444
3574 444
3575 444
3576 444
3577 444
3578 444
3579 444
3580 444
3581 444
3582 444
3583 444
3584 444
3585 444
3586 444
3587 444
3588 444
3589 444
3590 443
3591 443
3592 443
3593 443
3594 443
3595 443
3596 443
3597 443
3598 443
3599 443
3600 443
3601 443
3602 443
3603 443
3604 443
3605 443
3606 443
3607 443
3608 443
3609 443
3610 443
3611 443
3612 443
3613 443
3614 443
3615 443
3616 443
3617 443
3618 443
3619 443
3620 443
3621 443
3622 443
3623 443
3624 443
3625 443
3626 443
3627 443
3628 443
3629 443
3630 443
3631 443
3632 442
3633 442
3634 442
3635 442
3636 442
3637 442
3638 442
3639 442
3640 442
3641 442
3642 442
3643 442
3644 442
3645 442
3646 442
3647 442
3648 442
3649 442
3650 442
3651 442
3652 442
3654 443
3655 443
3656 443
3657 443
3658 443
3659 443
3660 443
3661 443
3662 443
3663 443
3664 443
3665 443
3666 443
3667 443
3668 443
3669 443
3670 443
3671 443
3672 443
3673 443
3674 443
3675 442
3676 442
3677 442
3678 442
3679 442
3680 442
3681 442
3682 442
3683 442
3684 442
3685 442
3686 442
3687 442
3688 442
3689 442
3690 442
3691 442
3692 442
3692 441
3693 441
3694 441
3695 441
3696 441
3697 441
3698 441
3699 441
3700 441
3701 441
3702 441
3703 441
3704 441
3705 441
3706 441
3707 441
3708 441
3709 441
3710 441
3711 441
3712 441
3713 441
3714 441
3715 441
3716 440
3717 440
3718 440
3719 440
3720 440
3721 440
3722 440
3723 440
3724 440
3725 440
3726 440
3727 440
3728 440
3729 440
3730 440
3731 440
3732 440
3733 440
3734 440
3735 440
3736 440
3737 440
3738 440
3739 440
3740 440
3741 440
3742 440
3743 440
3744 440
3745 440
3746 440
3747 440
3748 440
3749 440
3750 440
3751 440
3752 440
3753 440
3754 440
3755 440
3756 440
3757 440
3758 440
3759 439
3760 439
3761 439
3762 439
3763 439
3764 439
3765 439
3766 439
3767 439
3768 439
3769 439
3770 439
3771 439
3772 439
3773 439
3774 439
3775 439
3776 439
3777 439
3778 439
3779 439
3780 439
3781 439
3782 439
3783 439
3784 439
3785 439
3786 439
3787 439
3788 439
3789 439
3790 439
3791 439
3792 439
3793 439
3794 439
3795 439
3796 439
3797 439
3798 439
3799 439
3800 439
3801 438
3802 438
3802 437
3803 437
3804 437
3805 437
3806 437
3807 437
3808 437
3809 437
3810 437
3811 437
3812 437
3813 437
3814 437
3815 437
3816 437
3817 437
3818 437
3819 437
3820 437
3821 437
3822 437
3823 437
3824 437
3825 437
3826 437
3827 437
3828 437
3829 437
3830 437
3831 437
3832 437
3833 437
3834 437
3835 437
3836 437
3837 437
3838 437
3839 437
3840 437
3841 437
3842 436
3843 436
3844 436
3845 436
3846 436
3847 436
3848 436
3849 436
3850 436
3851 436
3852 436
3853 436
3854 436
3855 436
3855 435
3856 435
3857 435
3858 435
3859 435
3860 435
3861 435
3862 435
3863 435
3864 435
3865 435
3866 435
3867 435
3868 435
3869 435
3870 435
3871 435
3872 435
3873 435
3874 435
3875 435
3876 435
3877 435
3878 435
3879 435
3880 435
3881 435
3882 435
3883 434
3884 434
3885 434
3886 434
3887 434
3888 434
3889 434
3890 434
3891 434
3892 434
3893 434
3894 434
3895 434
3895 433
3896 433
3897 433
3898 433
3899 433
3900 433
3901 433
3902 433
3903 433
3904 433
3905 433
3906 433
3907 433
3908 433
3909 433
3910 433
3911 433
3912 433
3913 433
3914 433
3915 433
3916 433
3917 433
3918 433
3919 433
3920 433
3921 433
3922 433
3923 433
3924 432
3925 432
3926 432
3927 432
3928 432
3929 432
3929 431
3930 431
3931 431
3932 431
3933 431
3934 431
3935 431
3936 431
3937 431
3938 431
3939 431
3940 431
3941 431
3942 431
3943 431
3944 431
3945 431
3946 431
3947 431
3948 431
3949 431
3950 431
3951 431
3952 431
3953 431
3954 431
3955 431
3956 431
3957 431
3958 431
3958 430
3959 430
3960 430
3961 430
3962 430
3963 430
3964 429
3965 429
3966 429
3967 429
3968 429
3969 429
3970 429
3971 429
3972 429
3973 429
3974 429
3975 429
3976 429
3977 429
3978 429
3979 429
3980 429
3981 429
3982 429
3983 429
3984 429
3985 429
3985 428
3986 428
3987 428
3988 428
3989 428
3990 428
3991 428
3992 428
3993 428
3994 428
3995 428
3996 428
3997 428
3998 428
3999 428
4000 428
4001 428
4002 428
4003 428
4004 428
4005 427
4006 427
4007 427
4008 427
4009 427
4010 427
4010 426
4011 426
4012 426
4013 426
4014 426
4015 426
4016 426
4017 426
4018 426
4019 426
4020 426
4021 426
4022 426
4023 426
4024 426
4025 426
4026 426
4027 426
4028 426
4029 426
4030 426
4031 426
4032 426
4033 426
4033 425
4034 425
4035 425
4036 425
4037 425
4038 425
4039 425
4040 425
4041 425
4042 425
4043 425
4044 425
4045 424
4046 424
4047 424
4048 424
4049 424
4050 424
4051 424
4052 424
4053 424
4054 424
4054 423
4055 423
4056 423
4057 423
4058 423
4059 423
4060 423
4061 423
4062 423
4063 423
4064 423
4065 423
4066 423
4067 423
4068 423
4069 423
4070 423
4071 423
4072 423
4073 423
4074 423
4075 423
4075 422
4076 422
4077 422
4078 422
4079 422
4080 422
4081 422
4082 422
4083 422
4084 422
4085 421
4086 421
4087 421
4088 421
4089 421
4090 421
4091 421
4092 421
4093 421
4094 421
4094 420
4095 420
4095 419
4095 418
4095 417
4095 416
4095 415
4095 414
4095 413
4095 412
4095 411
4095 410
4095 409
4095 408
4095 407
4095 406
4095 405
4095 404
4095 403
4095 402
4095 401
4095 400
4095 399
4095 398
4095 397
4095 396
4095 395
4095 394
4095 393
4095 392
4095 391
4095 390
4095 389
4095 387
4095 386
4095 385
4095 384
4095 383
4095 382
4095 381
4095 380
4095 379
4095 378
4095 377
4095 376
4095 375
4095 374
4095 373
4095 372
4095 371
4095 370
4095 369
4095 368
4095 367
4095 366
4095 365
4095 364
4095 363
4095 362
4095 361
4095 360
4095 359
4095 358
4095 357
4095 356
4095 355
4095 354
4095 353
4095 352
4095 351
4095 350
4095 349
4095 348
4095 347
4095 346
4095 344
4095 343
4095 342
4095 341
4095 340
4095 339
4095 338
4095 337
4095 336
4095 335
4095 334
4095 333
4095 332
4095 331
4095 330
4095 329
4095 328
4095 327
4095 326
4095 325
4095 324
4095 323
4095 322
4095 321
4095 320
4095 319
4095 318
4095 317
4095 316
4095 315
4095 314
4095 313
4095 312
4095 311
4095 310
4095 309
4095 308
4095 307
4095 306
4095 305
4095 304
4095 303
4095 301
4095 300
4095 299
4095 298
4095 297
4095 296
4095 295
4095 294
4095 293
4095 292
4095 291
4095 290
4095 289
4095 288
4095 287
4095 286
4095 285
4095 284
4095 283
4095 282
4095 281
4095 280
4095 279
4095 278
4095 277
4095 276
4095 275
4095 274
4095 273
4095 272
4095 271
4095 270
4095 269
4095 268
4095 267
4095 266
4095 265
4095 264
4095 263
4095 262
4095 261
4095 260
4095 258
4095 257
4095 256
4095 255
4095 254
4095 253
4095 252
4095 251
4095 250
4095 249
4095 248
4095 247
4095 246
4095 245
4095 244
4095 243
4095 242
4095 241
4095 240
4095 239
4095 238
4095 237
4095 236
4095 235
4095 234
4095 233
4095 232
4095 231
4095 230
4095 229
4095 228
4095 227
4095 226
4095 225
4095 224
4095 223
4095 222
4095 221
4095 220
4095 219
4095 218
4095 217
4095 215
4095 214
4095 213
4095 212
4095 211
4095 210
4095 209
4095 208
4095 207
4095 206
4095 205
4095 204
4095 203
4095 202
4095 201
4095 200
4095 199
4095 198
4095 197
4095 196
4095 195
4095 194
4095 193
4095 192
4095 191
4095 190
4095 189
4095 188
4095 187
4095 186
4095 185
4095 184
4095 183
4095 182
4095 181
4095 180
4095 179
4095 178
4095 177
4095 176
4095 175
4095 174
4095 172
4095 171
4095 170
4095 169
4095 168
4095 167
4095 166
4095 165
4095 164
4095 163
4095 162
4095 161
4095 160
4095 159
4095 158
4095 157
4095 156
4095 155
4095 154
4095 153
4095 152
4095 151
4095 150
4095 149
4095 148
4095 147
4095 146
4095 145
4095 144
4095 143
4095 142
4095 141
4095 140
4095 139
4095 138
4095 137
4095 136
4095 135
4095 134
4095 133
4095 132
4095 131
4095 129
4095 128
4095 127
4095 126
4095 125
4095 124
4095 123
4095 122
4095 121
4095 120
4095 119
4095 118
4095 117
4095 116
4095 115
4095 114
4095 113
4095 112
4095 111
4095 110
4095 109
4095 108
4095 107
4095 106
4095 105
4095 104
4095 103
4095 102
4095 101
4095 100
4095 99
4095 98
4095 97
4095 96
4095 95
4095 94
4095 93
4095 92
4095 91
4095 90
4095 89
4095 88
4095 86
4095 85
4095 84
4095 83
